-741884.23858874 -1043604.71840523 10 202
-741883.72856603 -1043605.06836206 11 202
-741885.50862695 -1043607.75843506 12 202
-741885.96858728 -1043607.51833990 13 202
-741895.12859049 -1043621.73839170 14 202
-741894.64858687 -1043622.07846924 15 202
-741896.44860378 -1043624.78841319 16 202
-741896.99856730 -1043624.42842324 17 202
-741897.54860764 -1043625.38841251 18 202
-741897.73854907 -1043625.30839605 19 202
-741897.86855965 -1043625.51840308 20 202
-741900.03858250 -1043628.95844761 21 202
-741900.20859655 -1043629.22838122 22 202
-741900.02864681 -1043629.35841481 23 202
-741900.61856328 -1043630.23841331 24 202
-741897.41861767 -1043632.50841489 25 202
-741899.28854370 -1043635.34838312 26 202
-741907.67858841 -1043648.13848407 27 202
-741914.64863804 -1043658.78844520 28 202
-741919.15858289 -1043665.65840314 29 202
-741922.20857825 -1043670.32839636 30 202
-741922.69863308 -1043671.06835027 31 202
-741926.95857536 -1043677.56840493 32 202
-741933.84859436 -1043672.99846943 33 202
-741936.19855866 -1043671.65841610 34 202
-741941.22857468 -1043668.31837997 35 202
-741945.91559433 -1043665.26738397 36 202
-741947.81864365 -1043664.02842294 37 202
-741957.31759309 -1043657.83140324 38 202
-741957.39859333 -1043657.77837145 39 202
-741961.13859783 -1043655.35848965 40 202
-741967.10859118 -1043651.50850832 41 202
-741972.68761217 -1043647.90337611 42 202
-741976.20863754 -1043645.62837267 43 202
-741975.74859609 -1043644.83835966 44 202
-741976.31856841 -1043644.46844290 45 202
-741999.38959995 -1043629.52042449 46 202
-742007.10859581 -1043624.51840762 47 202
-742007.55857462 -1043624.22838415 48 202
-742011.37856709 -1043621.74839904 49 202
-742011.52860381 -1043621.64842027 50 202
-742011.73855778 -1043621.50840280 51 202
-742009.82858715 -1043618.50849105 52 202
-742015.33854140 -1043615.10836440 53 202
-742015.11859280 -1043614.74837218 54 202
-742012.66855907 -1043616.28839646 55 202
-742012.52860202 -1043616.06845081 56 202
-742008.24858381 -1043609.52840500 57 202
-742007.08855894 -1043607.79841673 58 202
-742003.30856665 -1043601.86841894 59 202
-742001.99855775 -1043600.01850338 60 202
-741995.85359732 -1043590.56341738 61 202
-741995.05157696 -1043589.33144331 62 202
-741988.62856455 -1043579.44842066 63 202
-741987.45855941 -1043577.54836577 64 202
-741983.74860091 -1043571.77835181 65 202
-741982.58857045 -1043570.02837013 66 202
-741968.99856333 -1043549.13845494 67 202
-741967.83860590 -1043547.45842865 68 202
-741964.09864438 -1043541.52846425 69 202
-741962.92852802 -1043539.76835620 70 202
-741956.56764425 -1043529.83749522 71 202
-741955.79756682 -1043528.63646435 72 202
-741949.43859296 -1043518.70846529 73 202
-741948.14859194 -1043516.97836054 74 202
-741944.61861152 -1043511.47840622 75 202
-741943.36862402 -1043509.71846935 76 202
-741938.91857604 -1043502.75842633 77 202
-741936.66860203 -1043504.15845318 78 202
-741936.26861507 -1043503.51839437 79 202
-741934.72852907 -1043500.89833981 80 202
-741934.20857883 -1043501.23835986 81 202
-741933.95859535 -1043500.84836771 82 202
-741933.65862717 -1043501.01832108 83 202
-741933.26857766 -1043501.25840543 84 202
-741933.09853803 -1043501.35840539 85 202
-741933.33861265 -1043501.78832729 86 202
-741929.76859722 -1043504.10841353 87 202
-741929.49858955 -1043504.28838395 88 202
-741898.48157225 -1043524.45642331 89 202
-741898.10860537 -1043524.69839751 90 202
-741897.58859168 -1043523.93842998 91 202
-741897.42760275 -1043524.04142528 92 202
-741893.75758953 -1043526.38047567 93 202
-741892.45859058 -1043527.20838362 94 202
-741888.72953408 -1043529.60047248 95 202
-741888.10859015 -1043529.99838603 96 202
-741883.27858530 -1043532.99842175 97 202
-741883.01857526 -1043533.16843365 98 202
-741879.67057772 -1043535.33540150 99 202
-741879.58860900 -1043535.38846443 100 202
-741870.02154963 -1043541.59139645 101 202
-741867.96858571 -1043542.92241719 102 202
-741860.44860615 -1043547.79844873 103 202
-741857.80857085 -1043549.48839252 104 202
-741854.81860767 -1043551.40835577 105 202
-741847.68857803 -1043556.16848659 106 202
-741846.81858130 -1043554.99843817 107 202
-741845.23859808 -1043555.99841703 108 202
-741875.50857200 -1043602.07836034 109 202
-741876.75856108 -1043601.21842470 110 202
-742667.66860828 -1043910.16836037 111 678
-742665.87856756 -1043911.01836780 112 678
-742666.84857282 -1043912.85839090 113 678
-742668.74858000 -1043912.14843901 114 678
-742667.66860828 -1043910.16836037 115 678
-741093.55262497 -1043786.75340416 116 749
-741102.59858109 -1043788.59846440 117 749
-741103.11855592 -1043786.59843252 118 749
-741107.06858051 -1043787.43837107 119 749
-741103.08857297 -1043786.55842833 120 749
-741102.83861354 -1043786.50843759 121 749
-741103.38856765 -1043783.92840953 122 749
-741103.43863346 -1043783.66842813 123 749
-741094.70855079 -1043781.85845787 124 749
-741094.65862267 -1043782.04845436 125 749
-741093.55262497 -1043786.75340416 126 749
-741000.52854892 -1043814.31838094 127 751
-741000.70858276 -1043813.37846364 128 751
-741000.49058650 -1043813.34740312 129 751
-741000.29162126 -1043814.27245255 130 751
-741000.52854892 -1043814.31838094 131 751