-842105.19202813 -1119257.08891720 770
-769261.94599726 -968561.48001071 792
-815007.63688004 -1039772.00202379 590
-793794.61694340 -1052863.28205074 504
-791790.77700263 -1056177.47190107 596
-770398.40703885 -1084487.78191975 551
-773184.22703284 -1095201.85204949 632
-525773.89675533 -1201327.34823459 696
-553709.60677327 -1176121.69672658 553
-496354.37473843 -1131783.35585181 608
-596203.09442449 -1080818.17684809 613
-584967.19267214 -1149292.35549544 574
-597367.81260794 -1178573.78705438 355
-629448.74953867 -1177020.88407523 391
-673237.15985738 -1168862.59994077 602
-681300.06090220 -1138690.73802655 663
-679178.92094121 -1147307.69806398 649
-673548.96106787 -1150285.02795652 712
-672881.01698208 -1122715.36892193 684
-666965.72507540 -1116027.05896277 621
-664655.21399814 -1118602.28294078 514
-681445.85101135 -1096501.06799765 601
-670792.16096893 -1100970.04801635 570
-663516.92290769 -1074766.50299471 567
-673753.04696441 -1075067.40598483 305
-666248.35989146 -1054444.70986878 225
-667700.34196232 -1032417.08000295 291
-656551.87900161 -1029429.27692238 294
-661574.59792900 -1036725.29703945 284
-662151.89993914 -1012856.43999631 451
-649404.98988060 -1000435.39807726 465
-628828.43893556 -1139202.33394839 652
-626387.40398882 -1137232.90399028 618
-631145.82701513 -1124537.99892617 594
-634836.75687085 -1120290.97903793 651
-624681.29204308 -1113015.81885854 770
-626380.61202789 -1109776.87702017 791
-530660.20509785 -1058852.52801308 875
-521539.07183772 -1059461.26303327 673
-523150.26187312 -1065898.83307353 725
-515800.87208300 -1069513.60303607 588
-530845.36203766 -1053201.96297699 975
-520816.79206455 -1081097.39690240 676
-508094.80297578 -1050958.29583139 285
-505928.48403276 -1076742.57194401 323
-510925.48291560 -1095804.11589118 567
-499653.62594181 -1097697.86407383 438
-505717.02991945 -1124531.46994746 339
-686840.17201211 -1172176.92704476 599
-520721.76258646 -1078323.00633190 674
-707049.03383559 -1054674.32320072 366
-683582.54289522 -1063736.66614117 353
-680685.17059648 -1053126.50105188 279
-638481.72892604 -982967.24205086 1410
-639398.86996205 -992284.32185568 1244
-634541.09396721 -985819.04403747 1184
-637775.96988404 -999813.33181468 587
-647179.83993074 -1007714.21992598 521
-646579.80096048 -1031834.96311330 332
-636270.79904955 -1027399.26693364 309
-651140.58010672 -1049185.41801048 250
-710374.98000363 -1045800.91988314 285
-550895.96200393 -1054823.78598045 1351
-552949.71809901 -1055428.95991415 1103
-541488.09204318 -1070516.78692761 1263
-551138.20302226 -1058557.24893076 1377
-545629.76991845 -1076056.69006154 1184
-552957.09207834 -1089812.92096173 363
-564267.78991837 -1118742.53994609 406
-564350.58007158 -1137892.64987626 433
-549819.70310884 -1175965.95293278 548
-550379.89992468 -1171251.61993957 560
-812695.40192470 -1139657.21599244 1066
-805224.87809214 -1030073.54492564 520
-827003.32497759 -1111671.83097452 724
-785951.22694170 -1046986.31203079 539
-825804.71404474 -1088531.28692861 522
-862809.08992673 -997614.24993297 900
-802573.27698996 -1073684.69196187 630
-859767.90896584 -1022501.35506852 829
-849663.56990578 -1041946.56002840 727
-802710.86994704 -1065584.74884217 639
-774501.06086838 -979117.62303549 315
-823155.76092548 -1098297.69384576 616
-826243.73997269 -999745.54998298 678
-889125.29506132 -1021090.31702311 517
-877977.89992016 -1039327.68990890 792
-827316.64994822 -1151509.47889989 1157
-857673.41996450 -991885.32999281 1009
-692088.49999181 -1100268.05995768 504
-706539.06994015 -1093474.94006176 583
-685995.20003562 -1106980.65997377 631
-700153.53091315 -1117598.81790624 626
-702061.30097209 -1127087.28789876 674
-701275.50994689 -1132664.79993378 704
-710305.89391287 -1128967.24505671 710
-696607.70996232 -1140396.50002782 666
-691497.09001625 -1154130.91999357 760
-706808.03997461 -1149624.26995573 592
-706293.33192197 -1161539.83998094 725
-696712.79004082 -1166207.48996437 721
-696619.16994483 -1171377.79202970 699
-701772.68201034 -1174472.40395630 675
-689548.58093924 -1173360.49787471 604
-682380.07401681 -1174292.15200146 628
-687100.74006174 -1153310.51991550 671
-551830.36295021 -1189374.32594509 292
-532669.28198188 -1205444.43290742 636
-532534.01395520 -1196194.65402261 408
-544273.51983395 -1167980.45003271 544
-530292.63105284 -1118092.36095485 675
-536101.40782934 -1094448.48798836 709
-530564.53999210 -1108802.14986457 640
-527027.17498460 -1083555.16492187 654
-534413.72192615 -1066450.51300262 1031
-703782.95296632 -992767.52687445 410
-715062.14200993 -983478.22504603 321
-713086.48901258 -962989.63606309 658
-704242.95984568 -965383.12990271 565
-698863.75001938 -970241.48005792 790
-677251.99805887 -952488.21691259 512
-684065.52299959 -955571.49091815 399
-678987.57099731 -958783.78284459 495
-878145.48489844 -1094227.12698936 698
-793993.11996855 -968373.89004888 876
-810272.09994188 -1072797.05889215 523
-453561.82008315 -1112847.05517512 423
-697877.06555501 -984960.52777854 504
-779603.56259197 -1051771.65703164 609
-709270.92200276 -1056584.61813337 356
-789349.87930955 -1161024.53960714 1093
-540601.06177199 -1205608.99062167 584
-528384.41587991 -1206761.73263708 819
-524276.83418981 -1205927.70026660 970
-515830.41567238 -1200095.85544480 911
-464216.22328583 -1151428.38258961 900
-633141.34128131 -994064.07039249 1033
-640678.34862369 -983415.63580336 1602
-527220.64921709 -1049369.63338316 891
-601773.16507572 -1030797.32872657 1084
-652190.99218098 -977464.92389468 1509
-799731.53381105 -1186660.49025951 1332
-803809.82197189 -1182219.97273930 1378
-478173.55612503 -1139308.27928377 1129
-611527.06497096 -1165396.23157409 438
-683108.63777265 -968454.58717102 876
-739005.03710238 -1038083.16465665 359
-484394.35757611 -1102649.39898995 383
-469043.65574341 -1149872.92574933 1024
-541663.32288877 -1169337.60396577 494
-638810.14708496 -1190636.48026059 356
-648914.49120907 -1175707.41871703 421
-646529.70040430 -1167374.08080469 531
-673553.24352190 -1034148.04900644 292
-872696.05253501 -989462.11968706 936
-878021.33913341 -1059051.56014587 758
-874042.55446611 -1068902.80676619 848
-868191.33679595 -1072342.71154367 573
-824077.05571838 -1063196.15981289 504
-517898.86664072 -1099232.03070540 566
-603532.34494598 -1121614.39406445 633
-611215.81591835 -1105099.90601115 692
-588644.55694143 -1111844.11889898 564
-606606.07004296 -1136604.67999745 558
-596839.80998374 -1137423.55002894 501
-596498.48002683 -1139423.18993772 562
-613923.30196302 -1142023.29699232 543
-828297.96999454 -1031366.51146649 693
-764866.45693406 -1135912.56197902 627
-766973.39690333 -1104241.46204615 490
-858827.74808047 -1079842.97454335 563
-850380.57554100 -1023621.99893494 817
-643594.87461894 -1031375.88889530 320
-605304.99488390 -1059315.26948835 603
-714629.63004312 -1124717.21309663 739
-723211.68085077 -1130550.01904333 670
-732284.99797259 -1098925.74304099 712
-776402.89985770 -1201720.47905165 933
-782126.29699678 -1187426.61192653 869
-780741.75694129 -1179616.12194257 880
-785173.35698964 -1185235.28190828 840
-773576.76692573 -1184261.77187486 740
-783076.97699602 -1193009.56189587 829
-796537.23695762 -1150751.79204682 923
-796804.92491014 -1015673.88805421 418
-759531.69337175 -1078842.65481798 528
-767520.54693762 -1071161.13193960 531
-764365.79695115 -1070980.80192829 491
-755031.35700248 -1074564.85204105 481
-762450.46903488 -1078958.84406141 465
-757487.80888852 -1080069.23493939 518
-775680.00680862 -1078062.79206843 527
-773099.91189711 -1051815.53297697 483
-760904.64003277 -1057284.74104397 402
-732806.22993987 -1059801.13995233 456
-719397.99994379 -1065621.99994077 543
-673042.60191466 -1059689.50295544 308
-666530.98002988 -1049183.02986656 264
-660554.69999865 -1048728.40993161 288
-629216.37995757 -1037058.65790191 294
-895049.05792891 -1022830.70780965 656
-831594.74626639 -1047048.46017581 657
-450926.31206045 -1139600.59291860 1061
-471623.48697421 -1139318.14111673 1256
-465918.81238750 -1151370.35362614 953
-474141.54043533 -1160416.32845590 1019
-484723.95688489 -1164486.59303991 923
-515807.60292588 -1183875.07801019 393
-567747.87893669 -1184059.31887783 417
-567242.79488051 -1174604.77481308 439
-560909.62196827 -1163996.90304742 518
-523602.04994715 -1134856.02989307 357
-506519.81001466 -1119527.75000063 557
-506180.25387802 -1112972.73203447 532
-674588.27986789 -981689.66992295 831
-631835.24972782 -1008715.57848348 555
-628602.93203769 -1059845.86701008 335
-653920.97299302 -1089159.82663979 663
-726053.47990904 -1154767.74993087 451
-769386.20858506 -1043294.41301752 488
-750178.08226427 -1043029.07025166 380
-768600.66796923 -1042681.40497293 486
-762854.90005443 -1044450.93003257 440
-766802.51993257 -1015800.26986654 314
-747598.77996649 -1008854.37895849 456
-765818.02995523 -1020859.77906248 313
-763644.90001738 -1023869.62899314 330
-760335.00990877 -996267.54893167 246
-748099.96696156 -975314.31193973 517
-754401.84691138 -985892.89192234 655
-757286.04006434 -963334.92996171 623
-751533.61394982 -958315.88387952 469
-747828.42001574 -959899.50007279 494
-746060.95987287 -958328.04008386 362
-739607.61002675 -954361.68996993 456
-736059.03282676 -935541.29302810 512
-662621.57289910 -1159005.69990138 683
-522919.74993131 -1161071.56994203 423
-504609.48295138 -1103019.20593905 518
-796790.40553298 -1093913.50585815 827
-729207.06498558 -999667.07092197 434
-744591.87697329 -1031884.64195497 288
-729076.55700679 -1034333.06205691 242
-745573.57001431 -1078282.48995814 479
-740475.47996576 -1083243.59997628 533
-750105.75691718 -1091202.87205959 478
-745003.98895936 -1094824.24294551 547
-753826.39695260 -1086260.17201867 416
-755706.80690795 -1097415.96198512 578
-751943.70991356 -1111845.01000006 586
-608607.07602734 -1073076.91492337 506
-690431.65198354 -948482.93704933 385
-627762.52191200 -1097979.18693811 766
-667740.77800950 -1094820.28703645 598
-651945.40102073 -1092419.93802239 668
-739013.70294254 -1131396.85896187 532
-637686.38654754 -1150804.67137853 511
-456244.50198082 -1099383.63296592 282
-437849.45432029 -1125772.15925665 673
-444240.48489086 -1140218.77189896 954
-547504.37086565 -1157834.36403074 397
-672939.27994036 -968486.22448996 1122
-677483.71000981 -948123.63646662 422
-655165.42507824 -979833.86713988 1435
-766141.91280604 -1000780.88056870 418
-764452.36751733 -990535.05323669 570
-757647.51435394 -984464.09017937 639
-784208.56308779 -998117.72693384 510
-782280.70160692 -987947.39837238 539
-861943.07518230 -1019318.29101310 838
-871493.46997704 -1029586.37631440 983
-869209.82255024 -1031393.03460213 982
-880705.06440341 -1035676.03398441 940
-878441.27911856 -1047652.44003755 768
-861651.62296265 -1038206.29411592 847
-856401.79916247 -1045113.81895762 688
-605548.49406082 -1094608.31568987 586
-783705.57223731 -1001308.87096930 457
-774874.51604084 -1072511.32592443 691
-878727.58397654 -995949.71991044 819
-896855.84002433 -999097.17991123 697
-861764.17096764 -1030572.44505813 860
-847320.70992093 -1024521.24006746 787
-883228.75888537 -1068939.87084357 625
-863044.31005340 -1022456.56794047 859
-875369.92802103 -1016664.91591604 570
-859753.79995268 -1044130.44010633 732
-851209.23004747 -1064661.26986499 472
-782479.25684435 -1046905.91194234 519
-821673.89894138 -1036227.04091653 599
-808955.82996395 -1060108.22896162 456
-800594.89306378 -1001713.41304906 294
-788207.27992086 -1002036.76609373 290
-772906.02503051 -969155.02807007 807
-612624.29206998 -1144207.94698299 476
-805819.45188690 -1181934.85758770 1361
-850719.73353724 -1126651.46647717 1280
-715516.88226011 -961241.54597461 793
-752780.81931562 -1083276.02467025 490
-573268.94461633 -1067033.23478628 1003
-549436.90595603 -1067826.99595367 1343
-543197.06274177 -1067187.46686892 1491
-536591.08053416 -1059259.05101596 1216
-537348.18170175 -1057305.75901545 1204
-545835.36158898 -1047362.54545491 992
-555568.79427363 -1049528.16485827 1127
-671223.64981969 -962510.73497698 1124
-676507.78755989 -968794.11973356 1085
-840806.98382920 -1130925.54716522 1214
-800234.60463886 -1161651.88070617 1264
-754296.32363975 -962338.51166303 723
-749775.17098855 -1058955.00393904 411
-451685.16102947 -1113556.23001729 428
-569058.62244645 -1050634.29580857 1424
-649245.81090348 -1102078.62805399 673
-739819.45599404 -1026204.37302561 266
-710502.49197590 -975648.78392822 589
-708820.03201472 -982828.55403306 386
-673768.17996674 -1009625.33995223 464
-641509.70996102 -992701.68091315 1298
-599836.30701876 -1036807.58183376 1115
-594487.26104267 -1045169.11786538 992
-582471.11306870 -1080704.14402387 714
-640870.13879213 -1101807.11358805 803
-650629.81207244 -1121460.12600948 694
-741581.69002027 -1112092.76002425 617
-760278.50103836 -1122210.57491453 519
-759226.41799676 -1129900.54500508 510
-775142.00474853 -991260.64229001 752
-877689.07769725 -1010676.46885385 609
-890036.98000223 -1019140.85677471 503
-763853.92966520 -1054765.74374563 433
-694214.15552852 -1067979.16084944 459
-750937.37145783 -1116679.24105424 540
-755022.93825385 -1184904.18765214 656
-787884.00144020 -1198699.17315482 1035
-717779.60007467 -1165040.99918302 615
-745720.57515017 -1205962.63045114 1040
-523086.93921391 -1125653.15526535 622
-821092.61517798 -991894.76207861 727
-768686.81210608 -1057260.06053005 467
-490347.21560126 -1085564.81247381 303
-456526.14213506 -1125806.91045262 872
-432795.74086116 -1131483.79239460 990
-450966.59304243 -1129830.35651943 1083
-675990.79212079 -1138721.44268414 734
-517101.24997249 -1112882.83490047 642
-482122.64004226 -1129577.23002821 690
-609579.80200356 -1157596.18701310 479
-624654.41197807 -1167725.62707922 397
-737626.62893295 -1155297.20995849 438
-718392.70992445 -1155051.24999450 538
-739082.73996424 -1163051.61994609 504
-728354.31006274 -1136479.48998699 466
-720112.12202968 -1112421.91613990 698
-730051.04108720 -1108036.26795490 614
-732222.83096828 -1094089.85795791 665
-780221.93697545 -1124659.34199233 531
-779298.77092265 -1120432.99886225 539
-761840.21706484 -1114573.48206021 535
-763868.14694460 -1111351.92201894 552
-806380.24696108 -1046483.57193891 453
-825970.51909095 -1046388.46108650 589
-822690.43991950 -1156114.90896825 1316
-767240.33100843 -961424.22396655 723
-839333.34606373 -1064082.26196293 444
-779235.18388425 -1005114.64197903 303
-814772.92700173 -1048498.63193021 514
-832700.26900484 -1041914.24098133 611
-816103.12997284 -1057941.76997096 456
-848899.94202959 -996352.67501653 955
-797293.87799365 -1031374.80501044 418
-786031.26695756 -1028233.57189060 535
-770095.84198719 -986673.38506086 837
-613060.91693191 -1024345.30880909 624
-518414.16788764 -1192595.65792874 387
-477367.97996661 -1104369.03007240 234
-451074.32302470 -1106672.58905946 278
-457012.92325790 -1133288.20939635 1203
-863710.72077477 -1031382.69692153 883
-500913.77663320 -1162040.84641585 651
-492678.96746892 -1147505.85463713 707
-886222.19704960 -1057573.87636589 829
-463187.17598429 -1145249.66562667 832
-488910.00384079 -1151693.76709036 841
-815647.90112755 -1108163.26042380 706
-588348.22750186 -1186875.10242947 410
-578156.95116737 -1205335.93563177 208
-590131.90889749 -1198654.65424766 292
-749350.25512150 -1153052.95869901 570
-756222.49756411 -1152292.72339813 575
-747215.26738332 -1162153.72061657 568
-524457.56129378 -1090456.04885153 780
-472803.25940503 -1117431.30138017 385
-677932.33548700 -1162876.55726244 665
-684953.29995865 -1044046.21437757 285
-658357.36923621 -1077261.69027471 606
-647933.17552832 -1075319.87013107 392
-746288.59193244 -1141511.95427381 503
-780194.67605770 -1140899.09605574 667
-810090.80216999 -1124794.02904835 637
-779451.41166604 -1146192.86722204 640
-763140.21532396 -1189919.82352210 919
-751043.52022899 -1189929.84723056 870
-774433.72519840 -1194314.13370554 862
-779944.54854160 -1198525.27642882 993
-763492.12167108 -1206056.97191468 824
-740478.15641222 -1197366.61015408 1034
-731683.69438268 -1191167.56969527 685
-705424.21255552 -1171696.92286527 704
-850872.80001147 -999751.69007631 973
-844534.76891322 -1036272.05103813 825
-603559.98200163 -1147633.65700743 397
-605601.36204203 -1152422.72689112 441
-603023.82186477 -1158200.85698487 391
-622328.09699698 -1190850.51896868 254
-619191.55302810 -1177771.34188605 343
-621163.28207240 -1201997.74699564 210
-593045.86898262 -1208411.96400589 215
-583467.26594045 -1191076.18494808 328
-581459.86089686 -1198231.25602895 262
-585854.22992825 -1178020.02998490 339
-587666.95985710 -1169422.62003816 325
-575097.55004443 -1167547.32007516 336
-573991.63003869 -1152023.99993132 451
-570857.26990484 -1163386.21993323 394
-611457.89995061 -1024476.89194159 637
-624298.38190921 -1026203.05706682 313
-608787.69207110 -1003875.58906182 690
-616926.67495262 -999471.64300755 681
-616868.78498904 -996888.15988631 698
-611262.38891565 -999075.21984876 638
-598289.65781250 -1039137.05696696 1101
-599313.88499584 -1039859.81293701 952
-592757.53692643 -1047131.52902731 992
-605050.55592635 -1052908.28606054 505
-598534.87702580 -1055629.77896392 559
-592108.60107621 -1053726.39805366 677
-601536.88603528 -1064372.19007318 544
-584162.22699567 -1063340.63902730 843
-605759.75207252 -1074327.79208663 559
-696349.00199670 -1074476.06603308 555
-714126.06608000 -1102829.86590568 632
-718418.21692895 -1079286.80697821 533
-724603.10489349 -1072981.70890144 530
-708682.59097963 -1063722.66801361 436
-726212.46994409 -1048126.92997249 302
-703739.33004970 -1041838.70990551 194
-710382.78687333 -964919.37980510 750
-705340.45691183 -1174602.76699802 648
-511092.62697085 -1131256.57890633 340
-547599.38689777 -1168667.93704964 587
-656311.64090890 -1188805.25793247 510
-577987.21203997 -1099861.65692079 579
-491296.95682734 -1107218.30997926 393
-461480.80000860 -1134657.93007238 1328
-598921.24207539 -1197066.68802127 554
-606575.40991423 -1077086.03195206 557
-603682.64905924 -1079935.03193827 561
-585576.48404116 -1076303.48297716 620
-594683.20199942 -1087059.47694190 571
-586842.58186748 -1090912.82695193 541
-594278.43692611 -1115550.88898011 599
-731410.63799579 -952410.83308692 448
-721588.95644348 -967197.96875333 759
-730862.65989932 -957042.65986389 481
-729209.79993074 -961272.62991332 737
-728513.14590570 -969846.80400208 641
-740887.08991075 -980617.62991913 601
-721461.46996616 -984979.58001910 419
-759728.49556905 -1098481.91009156 578
-783177.53643474 -1162648.52898332 839
-868918.81457146 -992364.03043712 991
-694886.04504599 -1014609.28594173 322
-811619.16485748 -1114628.92380957 627
-596207.50435330 -1205092.04949032 310
-897093.12000371 -1002969.52994955 756
-882169.25995494 -1037251.59988354 865
-848619.05991372 -1021026.20995746 773
-848019.43899088 -1041498.72995889 751
-756638.08000735 -1146741.05888243 463
-749135.15505492 -1163959.02610005 583
-752624.56998828 -1176502.14991509 515
-616209.27990815 -1070535.40103910 354
-619200.87091047 -1067293.96802926 352
-629603.45205562 -1053766.95686080 303
-620410.75201063 -1052742.63695265 343
-620323.24197281 -1032398.68696415 330
-607358.45202443 -1036920.81698019 642
-614945.22604385 -1013274.00895059 562
-606422.97697219 -1015095.53900467 622
-604952.87497288 -1016313.14594947 828
-828650.36895309 -1074973.09106398 363
-829157.26996142 -1124115.32888531 859
-818657.70391000 -1113501.07691972 675
-708052.26993940 -1027560.80594038 251
-699263.40090939 -1026626.86791964 262
-763662.55003539 -1177814.60996877 651
-750730.95189975 -1202919.93498511 959
-728698.03497385 -1189554.57894767 508
-742182.74791564 -1184927.31699011 579
-729590.70993297 -1177095.89198058 477
-588928.59903480 -1140067.01090615 590
-571451.11883960 -1137416.95993219 556
-574473.54703835 -1114115.99883220 589
-666540.79663549 -996345.05254870 557
-647475.97082398 -1014118.80036692 671
-643164.18641455 -984156.47538028 1554
-603630.38020948 -996069.05743163 881
-581844.84258318 -1066793.09064074 995
-553686.74827556 -1061816.32427519 1237
-581218.63880364 -1085551.31691119 591
-585521.04019632 -1107215.01589130 626
-608849.79184556 -1114575.29517063 700
-633782.41822419 -1103541.31783155 836
-722769.51747169 -1115634.86639499 724
-665695.25957903 -1178580.11032721 571
-835891.26967483 -1068700.13199797 456
-828084.53164028 -1114856.52775483 729
-806552.99676333 -1098711.66085178 668
-807427.75942072 -1075959.58588779 575
-871082.44501903 -1103095.56769639 1042
-783832.34991994 -1025102.54303939 509
-849341.86093650 -1098933.66900356 649
-803354.44399856 -1024453.54781735 434
-833543.27996523 -1123844.93899137 886
-765672.75201530 -978887.31505333 377
-788356.70690288 -1023486.44208184 536
-841237.84997440 -1054340.37997062 538
-809720.13101175 -1083339.71403772 516
-837664.14190781 -994938.71902107 1094
-855188.49510260 -1090456.74699422 470
-823670.07904500 -1020174.93094807 702
-798833.18797056 -1061230.12504945 599
-791149.89685986 -1066571.57195718 567
-777816.31696664 -1069106.06198120 654
-787297.92706989 -1073449.08190208 684
-805071.06999410 -1096156.28906221 560
-792351.85094971 -1084084.65393690 862
-566306.16696733 -1113235.49893671 523
-563985.28206253 -1088780.32689277 589
-565632.55095244 -1077445.02694454 631
-581189.98107666 -1071476.21693528 958
-574257.61000382 -1058736.99989226 807
-568326.07693736 -1054468.81884168 1321
-560323.33403405 -1051298.53998259 1034
-568717.94697649 -1060392.75895160 1074
-567279.33700980 -1066960.26892209 801
-563067.84696141 -1030779.25891491 899
-543282.11880281 -1038224.14006091 319
-548950.31883933 -1040661.20006469 488
-534878.08896677 -1048021.74005613 610
-842984.48894589 -1045331.38103363 684
-793909.36799195 -1019100.50803902 490
-807062.03288686 -1021168.46307809 437
-816105.52597479 -1019804.83604567 475
-839257.15910399 -1047049.41099795 677
-833765.33369361 -1012565.71717685 933
-832251.61646108 -1015264.88505573 934
-749431.34724082 -1030850.35369384 345
-746173.97743906 -985760.43602418 726
-745358.85883312 -999989.61336676 278
-693604.89995722 -977194.92620396 1012
-858478.44134570 -1056986.29831707 704
-718002.53861770 -972128.06817441 554
-771346.65593693 -1176296.42500723 1084
-770006.62396197 -1166374.13389939 688
-766205.80997486 -1163863.61000668 480
-789553.99593974 -1162460.63692373 1025
-783044.12796820 -1157176.33887963 735
-765092.46692074 -1147304.14186693 436
-781474.43691008 -1142700.97194384 545
-783725.87704853 -1137636.88186319 635
-765630.80705091 -1134300.30202860 571
-801569.54094055 -1128931.51701977 573
-790204.58686659 -1137868.45202027 645
-799667.94502642 -1148937.77811518 918
-808429.33189137 -1135964.84689409 845
-636848.99093841 -1104722.85797082 810
-649871.03207950 -1126343.17588714 707
-659671.25194333 -1123553.50598025 574
-638105.69684222 -1125109.87906732 584
-657212.25999139 -1154191.68599768 634
-652705.10110217 -1181773.63796640 478
-633177.06198409 -1198236.27696358 232
-632403.83857498 -1164481.76908001 491
-623139.41196511 -1182201.42096821 367
-649417.64603054 -985708.12997972 1198
-661972.59496474 -977967.43697668 1021
-656524.13891841 -979487.79581974 1344
-651636.52998390 -981471.21988907 1235
-646728.74004588 -980091.70984862 1439
-645889.70193297 -983016.47612780 1422
-621093.34469459 -1006269.69652660 741
-604505.57855121 -1035862.33680024 833
-735593.49493904 -940857.88898988 502
-588414.61828688 -1063038.05005229 721
-811275.76195114 -1158104.25293134 1049
-812933.00198800 -1164105.34304674 1115
-796298.74596786 -1171198.69695212 1085
-801085.51501913 -1176139.78801687 1068
-806914.27093499 -1181394.08391163 1341
-790078.93008889 -1195807.88891177 780
-790069.16691791 -1198019.00004691 939
-507191.20692069 -1129258.40705296 370
-491718.87302079 -1183667.86601301 836
-482990.97203368 -1154491.20300518 753
-488405.95093333 -1142978.59105464 466
-488703.57293221 -1093598.11893934 372
-474850.28203788 -1093403.88509687 274
-480942.06190101 -1084575.67700125 296
-465748.16102964 -1115896.43590743 365
-464320.29002716 -1148508.56896747 834
-440947.97500774 -1120989.05100159 531
-715045.81999971 -997384.42495798 390
-539104.89991182 -1075526.40982977 825
-548478.70686577 -1100513.97905989 260
-646740.90480674 -1127334.73372971 703
-717236.24093071 -1096451.88805384 632
-737108.76002969 -1079509.57002515 534
-804215.05398705 -1169893.17693965 1065
-634218.05192607 -1114513.10703695 741
-634879.39491385 -1106532.65004260 824
-624336.80193406 -1098788.42703595 741
-604335.22283006 -1125481.07164979 692
-669858.09110783 -1005186.08390845 678
-616799.69872366 -1113905.50951087 727
-616450.68378390 -1126619.39452162 626
-609576.06856418 -1131388.26995583 705
-628462.81193680 -1112852.91202997 812
-635190.15554598 -1131742.75548440 662
-679779.14588495 -1109855.44164645 678
-680486.19381918 -1130876.36093498 761
-700755.99731750 -1114669.81894057 617
-709394.58493524 -1109379.41607699 744
-721769.26183295 -1126243.06016542 659
-685470.80267752 -963461.44483675 724
-636214.55997165 -1059725.08989701 265
-656973.33104718 -1065057.71607401 264
-637943.65090496 -1094021.21802888 697
-649774.73099684 -1106059.65784898 692
-646976.06084678 -1112460.09797899 675
-639911.49092080 -1105017.69805096 792
-656774.87586872 -1101347.62289423 606
-640693.07091276 -1112510.29789565 648
-671010.75087582 -957729.27795685 572
-673777.71996954 -966523.28002945 1084
-678161.88997099 -967056.10993139 1071
-672496.99799227 -977819.95983489 808
-845970.73805654 -1131214.29971356 1343
-832557.47385447 -1145020.33413623 1315
-822622.80564423 -1148333.97217793 1253
-803176.88961957 -1157590.44296470 1362
-781756.69173722 -968772.10344249 909
-791062.79998001 -973058.66600674 956
-807058.13704811 -975444.55658706 842
-815509.39332066 -980031.85607497 863
-825351.02764426 -985657.26649573 994
-813083.57362367 -991265.15000769 594
-840355.13481174 -993908.70500669 1244
-845828.10163846 -992553.25382233 1115
-726063.99011713 -962426.15633517 693
-819337.86863601 -1031957.48837705 633
-810540.91718123 -1038218.13931672 606
-864555.60369354 -1001350.92943862 718
-833928.27684375 -1003573.19426756 828
-799878.28993454 -1090440.57900147 801
-788967.65003069 -1082938.96983322 839
-790257.06002524 -1099284.21992708 620
-793613.14996184 -1102316.88993841 565
-806684.24007950 -1105989.48001534 625
-792399.15002938 -1098834.36004002 638
-799116.72994370 -979644.57006376 743
-817670.32392230 -989989.72190076 826
-790643.73101430 -1012082.93387258 317
-792990.75802740 -1126849.56804409 527
-844033.30880780 -1087078.73104663 507
-808066.07103403 -1035027.77392514 604
-835342.83703473 -1140118.05198171 1309
-817135.48096660 -1079227.20396317 490
-784675.84493524 -967025.88810635 864
-790717.78704978 -1118495.85599521 577
-798210.27496113 -1124032.49106001 495
-673295.88993214 -970977.32000422 999
-687477.72995263 -982602.51994841 684
-671922.02999292 -988008.89988850 556
-688207.24994392 -1003920.16000662 346
-680717.27590502 -1017854.55000519 323
-683318.38005685 -1037421.88994645 235
-703097.59093648 -1065644.21792138 397
-687905.80998813 -1079817.26811940 479
-818327.06996005 -1068061.04907495 416
-841064.02903478 -1073785.34098218 403
-824378.68304463 -1081308.50997703 523
-816568.37501782 -1146983.95299071 1119
-666728.85703164 -979049.30790520 959
-550378.64176609 -1056628.83075181 1423
-563607.33279298 -1103664.71638483 307
-568949.81748510 -1057551.00127898 1225
-663843.32679050 -1128647.34378454 550
-780553.96703614 -1108279.88185912 574
-779019.80704025 -1105192.89205110 545
-777387.02696848 -1101649.66198147 516
-774203.75685794 -1097956.64188864 568
-759196.65700177 -1088824.91198204 397
-789071.31671077 -1053819.61808840 612
-767075.67550531 -1067315.64328165 603
-581383.12684332 -1128272.98284267 735
-629233.50051869 -1118552.01736588 666
-693171.44205771 -962813.05974742 569
-798957.93147006 -1071939.28774950 624
-800598.83901932 -1064482.90436223 721
-744528.24278668 -1067124.98973420 417
-737997.60690377 -1066785.85531206 488
-691730.69313410 -1151387.37971622 708
-715688.42087735 -1140039.67053495 692
-703557.82290486 -1134904.43887641 719
-693013.95081171 -1140573.55777906 760
-689621.84383713 -1147191.46324395 837
-668717.13596915 -1148895.83611939 681
-652695.46907305 -1141551.61150249 674
-706874.43460133 -997284.40440578 392
-679380.69867116 -1003230.24363475 514
-675983.64008727 -994973.58302349 744
-664566.53695492 -1007697.38103174 642
-674780.56736259 -1014988.23178464 429
-660361.98432840 -1018706.34642249 450
-655800.80127921 -1001052.04701104 630
-653614.19813048 -989795.48421659 1036
-624216.72488453 -994157.67774101 881
-603061.96843003 -1012596.33033200 773
-593970.80344236 -1005104.21524071 649
-597638.60937343 -1000340.84951086 740
-605176.09011871 -1006813.65392889 702
-615743.29760494 -1004416.95313819 786
-780819.19542395 -1087690.14530725 667
-813602.91128084 -1095243.51202916 651
-821191.25551011 -1087935.15794156 565
-836701.08271068 -1097921.77002819 712
-445882.36439164 -1129783.58549967 1044
-461654.93806356 -1129911.80312341 906
-467386.37571789 -1138389.43829302 1276
-482319.87093899 -1134982.81752921 918
-481530.09816053 -1150712.27591351 912
-492562.47944556 -1163410.82099370 759
-501180.00491221 -1169164.73716613 753
-810069.82628265 -1155040.00776685 1123
-785062.02174126 -1172274.85020031 1191
-789916.11231805 -1179322.93938378 1221
-738315.23021913 -976297.22315067 601
-626041.44128417 -1189888.04737788 270
-720704.60646046 -1002104.44961270 508
-543728.28873162 -1065077.82862532 1368
-594910.61787574 -1111115.19856301 619
-849960.57181846 -1105064.56947894 773
-817755.47602598 -1133125.67591172 902
-764982.23424188 -1028954.42220003 413
-675333.64148158 -1079019.25086605 394
-722109.69073527 -1174580.96950955 501
-508018.46234782 -1155415.17110133 703
-525949.58808172 -1054599.83881507 868
-515324.02788101 -1057033.76311394 574
-553877.96637911 -1079486.84511401 955
-572990.38446227 -1080371.65121227 603
-558365.07435892 -1091256.40832296 600
-550856.63743204 -1086976.45087304 605
-545457.76610559 -1087932.15442625 625
-543408.46883376 -1100098.18916455 660
-737863.04540167 -959984.70892894 619
-711685.76978848 -1005425.48503320 341
-651847.04968963 -1137477.57942761 668
-578605.58694731 -1088244.77217380 595
-573750.08663919 -1109880.90202661 596
-692226.16052798 -1000363.19810947 463
-644794.24917808 -987757.70629908 1363
-600572.76949599 -1123813.92263176 582
-729618.10688201 -1092917.69926378 688
-851608.82889983 -1113038.16728252 739
-831383.85985239 -1153075.25124364 1224
-745225.50205498 -969478.43367626 530
-868904.51015518 -1079109.59381253 662
-840951.56938901 -1128219.25763723 1235
-808561.76089760 -1171940.22960766 1026
-715416.23498604 -1104150.74854970 689
-666700.24767522 -968977.46321369 1018
-842404.10431623 -1024120.12845620 788
-789693.39694319 -1070030.53246768 620
-695049.17888443 -1056990.98292783 333
-598189.51188100 -1072977.26212718 584
-776239.37818161 -1118447.17914021 528
-747413.30119652 -1210998.03626211 1072
-471962.10206760 -1133002.46472890 964
-488833.89441366 -1135631.95140189 749
-500011.26411372 -1180038.84349722 642
-512097.07478354 -1146461.39546036 865
-848087.89312106 -1067844.67967391 523
-516965.18304566 -1148289.98150530 735
-514052.13466712 -1173488.05612207 672
-499201.96185009 -1189267.99643915 783
-514638.02271472 -1192281.10972412 501
-533012.85933658 -1201416.75415413 573
-848511.88732801 -1081358.37496680 476
-861784.94970563 -1077814.90775916 619
-878658.65661808 -1083087.53627318 863
-882530.42498723 -1080431.48612664 605
-873883.78375752 -1090819.48869743 870
-871328.95242608 -1096470.78767391 882
-864160.33898363 -1105301.75219332 668
-849020.59376335 -1120304.73374105 833
-842924.84035425 -1124172.52873886 1071
-835397.47639149 -1129346.10376276 1090
-608649.97146462 -1104502.16280925 686
-678084.96837236 -1120951.86713284 713
-728427.42627732 -1087136.12577943 585
-787518.87491091 -1079728.18437925 865
-837800.63683558 -1139580.71750530 1336
-827752.41147412 -1139199.45162143 1125
-685319.49972079 -1100338.39565050 709
-751303.88571597 -1103681.92181272 709
-517284.51574540 -1171566.59701825 536
-823036.83306980 -1127187.25152386 845
-823152.93849420 -1118975.45417627 759
-663525.20300567 -1152721.07008293 688
-658144.45422703 -1163686.28979709 580
-644114.02735036 -1152252.24055198 493
-610165.51193571 -1141128.90601315 470
-540086.71693515 -1128073.63848398 344
-539712.70489000 -1117668.24800428 412
-528586.47545136 -1120328.05830751 680
-536421.10636423 -1112741.40198399 633
-644092.81380114 -1056498.08546038 307
-777464.67168088 -1170571.05008825 953
-538846.06516991 -1104918.25585009 630
-524300.93006598 -1103246.66966206 749
-531646.23682151 -1095530.64721943 800
-769014.14934873 -1128408.03451148 633
-702594.78850419 -1160476.74084847 738
-556406.68720901 -1041853.24534800 957
-562478.71197407 -1028232.06262416 702
-511404.58604051 -1073476.12716044 466
-493554.48467221 -1097762.34605502 530
-490474.74381347 -1081300.64286240 315
-681744.87924912 -1090929.25652991 586
-767113.42829574 -1170295.66073831 741
-434548.04896779 -1122020.34901876 995
-436162.32651215 -1138308.80019344 840
-562696.36118695 -1193212.15389279 265
-579120.92521431 -1177569.21595787 374
-554095.76960945 -1172326.73086318 552
-554310.42962611 -1162865.01642949 498
-531280.86756628 -1146258.43745366 360
-517266.51019500 -1133236.96837747 479
-500043.25818742 -1142765.43436725 578
-566914.64022767 -1139641.18420561 458
-580730.67670557 -1156314.64360931 535
-569661.60713181 -1142316.95679573 551
-599006.11355994 -1147451.66650617 562
-754489.53698550 -969037.33235416 617
-802556.23378682 -980103.78974271 924
-853355.24941797 -991420.50491611 1043
-810335.99588834 -1042254.52354958 555
-840192.95039846 -1102471.07626982 727
-856092.68330422 -1017474.20717841 736
-729002.51040095 -945197.78403248 610
-736502.40721623 -945186.52818424 597
-721462.36141649 -959579.95014206 774
-733413.99161156 -977899.41259366 536
-747524.78312820 -976743.13044651 683
-547561.76751930 -1073966.04730603 1311
-506015.71327682 -1085261.67186479 377
-732694.28455880 -986579.06088500 614
-731657.40209863 -991111.20954543 422
-711700.72799320 -990497.11255193 474
-687958.98268645 -1126915.17808975 765
-774476.11876922 -967665.31730675 836
-732930.46144479 -1067078.90690361 521
-548473.47044638 -1131153.84576071 260
-790803.17856157 -1175553.76568420 1226
-714585.59781022 -1130423.77099221 687
-700120.58549344 -1082040.06904089 496
-718139.64175731 -1087021.08084041 517
-733214.28962500 -1103301.92910502 657
-745238.63387793 -1103805.81350131 723
-561282.58243382 -1125134.99264624 442
-582219.78519421 -1125157.48618192 721
-588178.87760909 -1131863.69255212 665
-593420.63260509 -1102063.87695213 660
